A: +0.967600000000 +0.799890000000 +1.116300000000 
B: -0.925240000000 +1.658710000000 +0.101730000000 
E: +0.578610000000 +1.461190000000 -0.077000000000 
k: +1.627590000000 +0.742860000000 -1.496050000000 
beta_star: 0.468140

  L_by_sigma: 4.000000
  Re(hcorr): -0.00067993021219 -0.00067990755765 [ratio=1.00003332, diff=2.27e-08, err=9.97e-11] FAIL
  Im(hcorr): -0.00916415077051 -0.00916415357901 [ratio=0.99999969, diff=2.81e-09, err=1.00e-10] FAIL
  [elapsed: 2.1 s]

  L_by_sigma: 8.000000
  Re(hcorr): -0.00067993021219 -0.00067993021219 [ratio=1.00000000, diff=7.75e-16, err=1.00e-10] OK
  Im(hcorr): -0.00916415077051 -0.00916415077051 [ratio=1.00000000, diff=1.18e-16, err=1.00e-10] OK
  [elapsed: 6.0 s]

  L_by_sigma: 12.000000
  Re(hcorr): -0.00067993021219 -0.00067993021219 [ratio=1.00000000, diff=3.40e-16, err=9.99e-11] OK
  Im(hcorr): -0.00916415077051 -0.00916415077051 [ratio=1.00000000, diff=1.05e-15, err=1.00e-10] OK
  [elapsed: 11.9 s]

