A: -2.536420000000 -2.653240000000 +0.771530000000 
B: -1.491570000000 +2.351250000000 +2.165560000000 
E: -0.741250000000 -2.848590000000 +1.976200000000 
k: +2.695210000000 +0.664560000000 -0.323250000000 
beta_star: 0.637700

  L_by_sigma: 4.000000
  Re(hcorr): +0.00006254766001 +0.00006256087913 [ratio=0.99978870, diff=1.32e-08, err=1.49e-08] OK
  Im(hcorr): -0.00084295663353 -0.00084293694741 [ratio=1.00002335, diff=1.97e-08, err=1.48e-08] FAIL
  [elapsed: 1.1 s]

  L_by_sigma: 8.000000
  Re(hcorr): +0.00006254766001 +0.00006254766095 [ratio=0.99999998, diff=9.39e-13, err=1.49e-08] OK
  Im(hcorr): -0.00084295663353 -0.00084295662897 [ratio=1.00000001, diff=4.56e-12, err=1.49e-08] OK
  [elapsed: 3.5 s]

  L_by_sigma: 12.000000
  Re(hcorr): +0.00006254766001 +0.00006254766040 [ratio=0.99999999, diff=3.84e-13, err=1.49e-08] OK
  Im(hcorr): -0.00084295663353 -0.00084295663380 [ratio=1.00000000, diff=2.69e-13, err=1.49e-08] OK
  [elapsed: 3.8 s]

