A: -0.738410000000 +1.903320000000 +1.843860000000 
B: +0.965980000000 -2.961530000000 +1.122160000000 
E: +2.149650000000 +1.335480000000 +0.876440000000 
k: -1.650590000000 +1.039550000000 -2.422590000000 
beta_star: 0.700100

  L_by_sigma: 4.000000
  Re(hcorr): -0.00001251319649 -0.00001251331558 [ratio=0.99999048, diff=1.19e-10, err=1.49e-08] OK
  Im(hcorr): -0.00002788590101 -0.00002788596196 [ratio=0.99999781, diff=6.10e-11, err=1.49e-08] OK
  [elapsed: 0.7 s]

  L_by_sigma: 8.000000
  Re(hcorr): -0.00001251319649 -0.00001251319499 [ratio=1.00000012, diff=1.50e-12, err=1.49e-08] OK
  Im(hcorr): -0.00002788590101 -0.00002788590046 [ratio=1.00000002, diff=5.47e-13, err=1.49e-08] OK
  [elapsed: 2.2 s]

  L_by_sigma: 12.000000
  Re(hcorr): -0.00001251319649 -0.00001251319619 [ratio=1.00000002, diff=3.06e-13, err=1.49e-08] OK
  Im(hcorr): -0.00002788590101 -0.00002788589891 [ratio=1.00000008, diff=2.10e-12, err=1.49e-08] OK
  [elapsed: 3.4 s]

