A: -1.610210000000 +0.387530000000 -1.146340000000 
B: +0.968650000000 -0.324000000000 -1.574550000000 
E: +0.926480000000 -0.566450000000 +1.058680000000 
k: +1.549130000000 +0.331140000000 +0.352650000000 
beta_star: 0.998870

  L_by_sigma: 4.000000
  Re(hcorr): +0.00059977873562 +0.00059949143345 [ratio=1.00047924, diff=2.87e-07, err=1.47e-08] FAIL
  Im(hcorr): -0.00037756564142 -0.00037813030414 [ratio=0.99850670, diff=5.65e-07, err=1.49e-08] FAIL
  [elapsed: 0.8 s]

  L_by_sigma: 8.000000
  Re(hcorr): +0.00059977873562 +0.00059977873981 [ratio=0.99999999, diff=4.20e-12, err=1.49e-08] OK
  Im(hcorr): -0.00037756564142 -0.00037756563503 [ratio=1.00000002, diff=6.39e-12, err=1.48e-08] OK
  [elapsed: 2.1 s]

  L_by_sigma: 12.000000
  Re(hcorr): +0.00059977873562 +0.00059977873591 [ratio=1.00000000, diff=2.87e-13, err=1.49e-08] OK
  Im(hcorr): -0.00037756564142 -0.00037756563757 [ratio=1.00000001, diff=3.85e-12, err=1.49e-08] OK
  [elapsed: 2.7 s]

