A: +0.673510000000 +1.056550000000 -1.710270000000 
B: -1.347150000000 +0.390530000000 -0.791480000000 
E: -0.980890000000 +0.350090000000 +1.756810000000 
k: +0.468910000000 -1.406290000000 -0.547870000000 
beta_star: 0.954760

  L_by_sigma: 4.000000
  Re(hcorr): +0.00011720527413 +0.00011438083264 [ratio=1.02469331, diff=2.82e-06, err=1.49e-08] FAIL
  Im(hcorr): +0.00029475132203 +0.00029543618363 [ratio=0.99768186, diff=6.85e-07, err=1.49e-08] FAIL
  [elapsed: 0.6 s]

  L_by_sigma: 8.000000
  Re(hcorr): +0.00011720527413 +0.00011720528118 [ratio=0.99999994, diff=7.05e-12, err=1.49e-08] OK
  Im(hcorr): +0.00029475132203 +0.00029475131561 [ratio=1.00000002, diff=6.42e-12, err=1.49e-08] OK
  [elapsed: 2.4 s]

  L_by_sigma: 12.000000
  Re(hcorr): +0.00011720527413 +0.00011720527520 [ratio=0.99999999, diff=1.08e-12, err=1.49e-08] OK
  Im(hcorr): +0.00029475132203 +0.00029475131114 [ratio=1.00000004, diff=1.09e-11, err=1.49e-08] OK
  [elapsed: 2.9 s]

