A: -0.246840000000 +1.955140000000 +1.931880000000 
B: +1.212180000000 +1.339380000000 -1.596980000000 
E: -1.363260000000 -0.404290000000 +0.534050000000 
k: -1.436040000000 -0.088080000000 -0.071620000000 
beta_star: 0.491160

  L_by_sigma: 4.000000
  Re(hcorr): +0.00000730754747 +0.00000730606322 [ratio=1.00020315, diff=1.48e-09, err=1.48e-08] OK
  Im(hcorr): -0.00001527250246 -0.00001527352321 [ratio=0.99993317, diff=1.02e-09, err=1.49e-08] OK
  [elapsed: 0.6 s]

  L_by_sigma: 8.000000
  Re(hcorr): +0.00000730754747 +0.00000730754795 [ratio=0.99999994, diff=4.74e-13, err=1.49e-08] OK
  Im(hcorr): -0.00001527250246 -0.00001527250232 [ratio=1.00000001, diff=1.45e-13, err=1.49e-08] OK
  [elapsed: 0.9 s]

  L_by_sigma: 12.000000
  Re(hcorr): +0.00000730754747 +0.00000730754892 [ratio=0.99999980, diff=1.44e-12, err=1.49e-08] OK
  Im(hcorr): -0.00001527250246 -0.00001527250226 [ratio=1.00000001, diff=2.00e-13, err=1.49e-08] OK
  [elapsed: 2.0 s]

