A: -2.469290000000 -0.641870000000 +0.447660000000 
B: -1.278990000000 +0.160700000000 -2.033510000000 
E: +1.655740000000 -2.429800000000 -2.214850000000 
k: -0.440380000000 +1.124300000000 +2.592590000000 
beta_star: 0.774480

  L_by_sigma: 4.000000
  Re(hcorr): -0.00000000853545 -0.00000000402996 [ratio=2.11800084, diff=4.51e-09, err=1.49e-08] OK
  Im(hcorr): -0.00000005934925 -0.00000006012314 [ratio=0.98712831, diff=7.74e-10, err=8.85e-09] OK
  [elapsed: 0.2 s]

  L_by_sigma: 8.000000
  Re(hcorr): -0.00000000853545 -0.00000000853598 [ratio=0.99993776, diff=5.31e-13, err=1.49e-08] OK
  Im(hcorr): -0.00000005934925 -0.00000005934915 [ratio=1.00000171, diff=1.02e-13, err=1.46e-08] OK
  [elapsed: 0.5 s]

  L_by_sigma: 12.000000
  Re(hcorr): -0.00000000853545 -0.00000000853562 [ratio=0.99998095, diff=1.63e-13, err=1.48e-08] OK
  Im(hcorr): -0.00000005934925 -0.00000005934918 [ratio=1.00000128, diff=7.61e-14, err=1.48e-08] OK
  [elapsed: 1.3 s]

