A: -2.074690000000 -2.781320000000 -1.952910000000 
B: -0.203550000000 +0.366020000000 +2.474160000000 
E: +0.785440000000 +1.900210000000 +1.318870000000 
k: +1.309870000000 +2.514810000000 +0.044670000000 
beta_star: 1.723820

  L_by_sigma: 4.000000
  Re(hcorr): +0.00000000245512 +0.00000000247913 [ratio=0.99031246, diff=2.40e-11, err=1.48e-08] OK
  Im(hcorr): +0.00000012108986 +0.00000012109561 [ratio=0.99995248, diff=5.75e-12, err=1.44e-08] OK
  [elapsed: 0.4 s]

  L_by_sigma: 8.000000
  Re(hcorr): +0.00000000245512 +0.00000000245385 [ratio=1.00051511, diff=1.26e-12, err=1.49e-08] OK
  Im(hcorr): +0.00000012108986 +0.00000012108808 [ratio=1.00001469, diff=1.78e-12, err=1.48e-08] OK
  [elapsed: 0.5 s]

  L_by_sigma: 12.000000
  Re(hcorr): +0.00000000245512 +0.00000000245215 [ratio=1.00120879, diff=2.96e-12, err=1.49e-08] OK
  Im(hcorr): +0.00000012108986 +0.00000012109074 [ratio=0.99999270, diff=8.84e-13, err=1.48e-08] OK
  [elapsed: 1.2 s]

