A: +0.151640000000 +0.060100000000 -0.036300000000 
B: -1.800260000000 -1.945590000000 -1.916060000000 
E: +1.376180000000 -0.876910000000 -0.552770000000 
k: +0.760830000000 +1.522490000000 -0.774110000000 
beta_star: 1.182850

  L_by_sigma: 4.000000
  Re(hcorr): +0.03476590162451 +0.03476842353786 [ratio=0.99992747, diff=2.52e-06, err=1.49e-08] FAIL
  Im(hcorr): +0.00892332800690 +0.00892348361826 [ratio=0.99998256, diff=1.56e-07, err=1.49e-08] FAIL
  [elapsed: 1.5 s]

  L_by_sigma: 8.000000
  Re(hcorr): +0.03476590162451 +0.03476590162632 [ratio=1.00000000, diff=1.81e-12, err=1.49e-08] OK
  Im(hcorr): +0.00892332800690 +0.00892332800701 [ratio=1.00000000, diff=1.08e-13, err=1.49e-08] OK
  [elapsed: 4.5 s]

  L_by_sigma: 12.000000
  Re(hcorr): +0.03476590162451 +0.03476590162486 [ratio=1.00000000, diff=3.49e-13, err=1.49e-08] OK
  Im(hcorr): +0.00892332800690 +0.00892332800722 [ratio=1.00000000, diff=3.15e-13, err=1.49e-08] OK
  [elapsed: 8.2 s]

