A: -1.371330000000 +1.421250000000 -0.064670000000 
B: +0.849500000000 +1.092100000000 -0.344650000000 
E: +0.686130000000 +1.179130000000 -0.265730000000 
k: -1.912750000000 -0.975650000000 +1.103820000000 
beta_star: 0.409160

  L_by_sigma: 4.000000
  Re(hcorr): -0.00026974914819 -0.00026974687335 [ratio=1.00000843, diff=2.27e-09, err=1.46e-08] OK
  Im(hcorr): +0.00028413004622 +0.00028413224636 [ratio=0.99999226, diff=2.20e-09, err=1.49e-08] OK
  [elapsed: 0.9 s]

  L_by_sigma: 8.000000
  Re(hcorr): -0.00026974914819 -0.00026974914387 [ratio=1.00000002, diff=4.32e-12, err=1.49e-08] OK
  Im(hcorr): +0.00028413004622 +0.00028413004469 [ratio=1.00000001, diff=1.53e-12, err=1.49e-08] OK
  [elapsed: 2.0 s]

  L_by_sigma: 12.000000
  Re(hcorr): -0.00026974914819 -0.00026974914438 [ratio=1.00000001, diff=3.81e-12, err=1.49e-08] OK
  Im(hcorr): +0.00028413004622 +0.00028413004311 [ratio=1.00000001, diff=3.11e-12, err=1.49e-08] OK
  [elapsed: 3.1 s]

