A: +2.379130000000 -1.878170000000 +2.255330000000 
B: +1.550540000000 +2.232470000000 +2.560510000000 
E: +0.592820000000 +1.097610000000 -2.569100000000 
k: -0.986320000000 +1.206200000000 +0.916890000000 
beta_star: 0.735150

  L_by_sigma: 4.000000
  Re(hcorr): +0.00000000090097 +0.00000000065760 [ratio=1.37008427, diff=2.43e-10, err=1.60e-12] FAIL
  Im(hcorr): +0.00000000042906 +0.00000000052664 [ratio=0.81470195, diff=9.76e-11, err=1.72e-11] FAIL
  [elapsed: 0.2 s]

  L_by_sigma: 8.000000
  Re(hcorr): +0.00000000090097 +0.00000000090097 [ratio=0.99999862, diff=1.24e-15, err=2.78e-11] OK
  Im(hcorr): +0.00000000042906 +0.00000000042906 [ratio=0.99999581, diff=1.80e-15, err=3.81e-11] OK
  [elapsed: 0.2 s]

  L_by_sigma: 12.000000
  Re(hcorr): +0.00000000090097 +0.00000000090097 [ratio=1.00000023, diff=2.06e-16, err=1.11e-09] OK
  Im(hcorr): +0.00000000042906 +0.00000000042906 [ratio=0.99999194, diff=3.46e-15, err=8.37e-10] OK
  [elapsed: 0.2 s]

