A: -1.124990000000 -2.282980000000 -2.772690000000 
B: +0.695050000000 -2.064920000000 +1.172400000000 
E: -2.461800000000 -1.180790000000 -1.716730000000 
k: +1.238070000000 +0.617170000000 -0.302900000000 
beta_star: 1.341840

  L_by_sigma: 4.000000
  Re(hcorr): -0.01858132233199 -0.01858077642980 [ratio=1.00002938, diff=5.46e-07, err=1.49e-08] FAIL
  Im(hcorr): +0.00737207739109 +0.00737285374730 [ratio=0.99989470, diff=7.76e-07, err=1.49e-08] FAIL
  [elapsed: 1.4 s]

  L_by_sigma: 8.000000
  Re(hcorr): -0.01858132233199 -0.01858132233237 [ratio=1.00000000, diff=3.88e-13, err=1.49e-08] OK
  Im(hcorr): +0.00737207739109 +0.00737207739140 [ratio=1.00000000, diff=3.11e-13, err=1.49e-08] OK
  [elapsed: 4.3 s]

  L_by_sigma: 12.000000
  Re(hcorr): -0.01858132233199 -0.01858132233185 [ratio=1.00000000, diff=1.40e-13, err=1.49e-08] OK
  Im(hcorr): +0.00737207739109 +0.00737207739424 [ratio=1.00000000, diff=3.15e-12, err=1.49e-08] OK
  [elapsed: 5.5 s]

