A: +0.336540000000 +1.917210000000 -0.948060000000 
B: -0.419790000000 +1.452680000000 -0.338120000000 
E: -0.372850000000 -0.916600000000 +0.931680000000 
k: +1.596440000000 -1.398730000000 -0.541520000000 
beta_star: 1.859070

  L_by_sigma: 4.000000
  Re(hcorr): +0.01367200257610 +0.01361328061185 [ratio=1.00431358, diff=5.87e-05, err=1.49e-08] FAIL
  Im(hcorr): +0.01044406391762 +0.01041481557201 [ratio=1.00280834, diff=2.92e-05, err=1.49e-08] FAIL
  [elapsed: 1.3 s]

  L_by_sigma: 8.000000
  Re(hcorr): +0.01367200257610 +0.01367200250534 [ratio=1.00000001, diff=7.08e-11, err=1.49e-08] OK
  Im(hcorr): +0.01044406391762 +0.01044406391774 [ratio=1.00000000, diff=1.18e-13, err=1.49e-08] OK
  [elapsed: 4.7 s]

  L_by_sigma: 12.000000
  Re(hcorr): +0.01367200257610 +0.01367200256972 [ratio=1.00000000, diff=6.38e-12, err=1.49e-08] OK
  Im(hcorr): +0.01044406391762 +0.01044406391798 [ratio=1.00000000, diff=3.51e-13, err=1.49e-08] OK
  [elapsed: 7.4 s]

