A: -1.928220000000 +0.329760000000 -0.368550000000 
B: -0.309630000000 +2.137700000000 -2.622200000000 
E: -0.048820000000 +0.625100000000 +2.840690000000 
k: +0.927080000000 -0.369310000000 -0.710790000000 
beta_star: 1.107780

  L_by_sigma: 4.000000
  Re(hcorr): +0.00205831990008 +0.00167898655170 [ratio=1.22592995, diff=3.79e-04, err=1.49e-08] FAIL
  Im(hcorr): +0.00610135472658 +0.00614999332421 [ratio=0.99209128, diff=4.86e-05, err=1.49e-08] FAIL
  [elapsed: 0.8 s]

  L_by_sigma: 8.000000
  Re(hcorr): +0.00205831990008 +0.00205831998406 [ratio=0.99999996, diff=8.40e-11, err=1.49e-08] OK
  Im(hcorr): +0.00610135472658 +0.00610135473915 [ratio=1.00000000, diff=1.26e-11, err=1.49e-08] OK
  [elapsed: 2.8 s]

  L_by_sigma: 12.000000
  Re(hcorr): +0.00205831990008 +0.00205831989513 [ratio=1.00000000, diff=4.95e-12, err=1.49e-08] OK
  Im(hcorr): +0.00610135472658 +0.00610135469980 [ratio=1.00000000, diff=2.68e-11, err=1.49e-08] OK
  [elapsed: 5.1 s]

