A: +1.915810000000 +0.930620000000 -1.678330000000 
B: +0.923570000000 -1.126350000000 +1.358050000000 
E: +0.722450000000 +0.923670000000 +0.749200000000 
k: -0.867410000000 +1.887200000000 +1.925660000000 
beta_star: 0.828940

  L_by_sigma: 4.000000
  Re(hcorr): -0.00012610246078 -0.00012610281516 [ratio=0.99999719, diff=3.54e-10, err=9.97e-11] FAIL
  Im(hcorr): -0.00039157090865 -0.00039157090017 [ratio=1.00000002, diff=8.49e-12, err=1.00e-10] OK
  [elapsed: 1.8 s]

  L_by_sigma: 8.000000
  Re(hcorr): -0.00012610246078 -0.00012610246077 [ratio=1.00000000, diff=6.17e-15, err=9.97e-11] OK
  Im(hcorr): -0.00039157090865 -0.00039157090859 [ratio=1.00000000, diff=6.92e-14, err=1.00e-10] OK
  [elapsed: 5.2 s]

  L_by_sigma: 12.000000
  Re(hcorr): -0.00012610246078 -0.00012610246077 [ratio=1.00000000, diff=1.90e-15, err=9.99e-11] OK
  Im(hcorr): -0.00039157090865 -0.00039157090808 [ratio=1.00000000, diff=5.73e-13, err=1.00e-10] OK
  [elapsed: 8.9 s]

