A: -2.047320000000 +2.571890000000 -2.520840000000 
B: +2.296150000000 +0.855650000000 +2.636650000000 
E: -0.593720000000 -2.666790000000 +0.370390000000 
k: +2.169450000000 -1.441600000000 +1.918200000000 
beta_star: 0.907730

  L_by_sigma: 4.000000
  Re(hcorr): -0.00000000001584 -0.00000000001584 [ratio=0.99986205, diff=2.19e-15, err=1.90e-10] OK
  Im(hcorr): -0.00000000001447 -0.00000000001447 [ratio=0.99958383, diff=6.02e-15, err=3.41e-11] OK
  [elapsed: 0.2 s]

  L_by_sigma: 8.000000
  Re(hcorr): -0.00000000001584 -0.00000000001587 [ratio=0.99852104, diff=2.35e-14, err=1.63e-10] OK
  Im(hcorr): -0.00000000001447 -0.00000000001447 [ratio=1.00020695, diff=2.99e-15, err=3.55e-11] OK
  [elapsed: 0.2 s]

  L_by_sigma: 12.000000
  Re(hcorr): -0.00000000001584 -0.00000000001589 [ratio=0.99670142, diff=5.24e-14, err=1.45e-10] OK
  Im(hcorr): -0.00000000001447 -0.00000000001446 [ratio=1.00047177, diff=6.82e-15, err=3.88e-11] OK
  [elapsed: 0.2 s]

