A: +2.155720000000 +0.710870000000 -2.903930000000 
B: +0.123580000000 -0.468300000000 +0.807670000000 
E: -2.251070000000 -1.164490000000 +1.014970000000 
k: -1.688610000000 +2.866130000000 -1.270260000000 
beta_star: 1.230420

  L_by_sigma: 4.000000
  Re(hcorr): +0.00000000727908 +0.00000000727995 [ratio=0.99988055, diff=8.70e-13, err=1.32e-08] OK
  Im(hcorr): +0.00000000626381 +0.00000000626710 [ratio=0.99947536, diff=3.29e-12, err=1.48e-08] OK
  [elapsed: 0.2 s]

  L_by_sigma: 8.000000
  Re(hcorr): +0.00000000727908 +0.00000000728061 [ratio=0.99978965, diff=1.53e-12, err=1.46e-08] OK
  Im(hcorr): +0.00000000626381 +0.00000000626644 [ratio=0.99958067, diff=2.63e-12, err=1.46e-08] OK
  [elapsed: 0.2 s]

  L_by_sigma: 12.000000
  Re(hcorr): +0.00000000727908 +0.00000000728333 [ratio=0.99941656, diff=4.25e-12, err=1.45e-08] OK
  Im(hcorr): +0.00000000626381 +0.00000000627002 [ratio=0.99900964, diff=6.21e-12, err=1.46e-08] OK
  [elapsed: 0.3 s]

