A: +0.305420000000 +0.585620000000 -0.565140000000 
B: -1.129370000000 -0.862770000000 -1.832400000000 
E: -1.896010000000 -1.545570000000 +0.905030000000 
k: +0.935040000000 +1.250720000000 +0.137070000000 
beta_star: 2.242090

  L_by_sigma: 4.000000
  Re(hcorr): -0.01506568264067 -0.01506495475797 [ratio=1.00004832, diff=7.28e-07, err=1.49e-08] FAIL
  Im(hcorr): +0.00976186274527 +0.00975871248050 [ratio=1.00032282, diff=3.15e-06, err=1.49e-08] FAIL
  [elapsed: 1.3 s]

  L_by_sigma: 8.000000
  Re(hcorr): -0.01506568264067 -0.01506568264237 [ratio=1.00000000, diff=1.70e-12, err=1.49e-08] OK
  Im(hcorr): +0.00976186274527 +0.00976186275783 [ratio=1.00000000, diff=1.26e-11, err=1.49e-08] OK
  [elapsed: 2.9 s]

  L_by_sigma: 12.000000
  Re(hcorr): -0.01506568264067 -0.01506568252140 [ratio=1.00000001, diff=1.19e-10, err=1.49e-08] OK
  Im(hcorr): +0.00976186274527 +0.00976186276459 [ratio=1.00000000, diff=1.93e-11, err=1.49e-08] OK
  [elapsed: 5.4 s]

