A: -0.356010000000 +1.649130000000 +1.659470000000 
B: -0.365140000000 -1.429600000000 -0.941850000000 
E: -1.462390000000 -1.389030000000 +1.106990000000 
k: -0.515340000000 -0.637380000000 +1.313340000000 
beta_star: 2.024880

  L_by_sigma: 4.000000
  Re(hcorr): -0.00475636940380 -0.00475637182070 [ratio=0.99999949, diff=2.42e-09, err=1.49e-08] OK
  Im(hcorr): -0.00351870242317 -0.00351872295465 [ratio=0.99999417, diff=2.05e-08, err=1.48e-08] FAIL
  [elapsed: 1.2 s]

  L_by_sigma: 8.000000
  Re(hcorr): -0.00475636940380 -0.00475636940311 [ratio=1.00000000, diff=6.85e-13, err=1.49e-08] OK
  Im(hcorr): -0.00351870242317 -0.00351870242274 [ratio=1.00000000, diff=4.34e-13, err=1.49e-08] OK
  [elapsed: 3.6 s]

  L_by_sigma: 12.000000
  Re(hcorr): -0.00475636940380 -0.00475636940313 [ratio=1.00000000, diff=6.68e-13, err=1.49e-08] OK
  Im(hcorr): -0.00351870242317 -0.00351870242969 [ratio=1.00000000, diff=6.52e-12, err=1.49e-08] OK
  [elapsed: 7.8 s]

