A: +0.341170000000 +1.610970000000 +1.460140000000 
B: +0.104650000000 +0.703670000000 +0.101100000000 
E: +1.767600000000 +1.269840000000 -1.796130000000 
k: -1.139780000000 +1.817110000000 +1.404960000000 
beta_star: 1.870420

  L_by_sigma: 4.000000
  Re(hcorr): +0.00131003022910 +0.00130806756620 [ratio=1.00150043, diff=1.96e-06, err=1.48e-08] FAIL
  Im(hcorr): +0.00333822902867 +0.00334102597235 [ratio=0.99916285, diff=2.80e-06, err=1.49e-08] FAIL
  [elapsed: 1.2 s]

  L_by_sigma: 8.000000
  Re(hcorr): +0.00131003022910 +0.00131003024895 [ratio=0.99999998, diff=1.99e-11, err=1.49e-08] OK
  Im(hcorr): +0.00333822902867 +0.00333822900178 [ratio=1.00000001, diff=2.69e-11, err=1.49e-08] OK
  [elapsed: 4.5 s]

  L_by_sigma: 12.000000
  Re(hcorr): +0.00131003022910 +0.00131003024055 [ratio=0.99999999, diff=1.15e-11, err=1.49e-08] OK
  Im(hcorr): +0.00333822902867 +0.00333822902014 [ratio=1.00000000, diff=8.53e-12, err=1.49e-08] OK
  [elapsed: 10.1 s]

