A: +0.343240000000 +1.652160000000 -0.476510000000 
B: -1.936790000000 -0.020920000000 -0.592050000000 
E: -0.676440000000 +1.486040000000 +1.021560000000 
k: +0.097100000000 -1.734110000000 +0.244570000000 
beta_star: 2.262070

  L_by_sigma: 4.000000
  Re(hcorr): -0.03614969209420 -0.03614919571460 [ratio=1.00001373, diff=4.96e-07, err=1.49e-08] FAIL
  Im(hcorr): +0.04922132765428 +0.04922173268361 [ratio=0.99999177, diff=4.05e-07, err=1.49e-08] FAIL
  [elapsed: 1.6 s]

  L_by_sigma: 8.000000
  Re(hcorr): -0.03614969209420 -0.03614969208065 [ratio=1.00000000, diff=1.36e-11, err=1.49e-08] OK
  Im(hcorr): +0.04922132765428 +0.04922132765474 [ratio=1.00000000, diff=4.60e-13, err=1.49e-08] OK
  [elapsed: 5.1 s]

  L_by_sigma: 12.000000
  Re(hcorr): -0.03614969209420 -0.03614969157157 [ratio=1.00000001, diff=5.23e-10, err=1.49e-08] OK
  Im(hcorr): +0.04922132765428 +0.04922132763323 [ratio=1.00000000, diff=2.10e-11, err=1.49e-08] OK
  [elapsed: 5.8 s]

