A: -1.216020000000 -1.530270000000 -0.710240000000 
B: +0.508010000000 -0.851790000000 -0.102040000000 
E: +1.539770000000 +1.475960000000 -0.619390000000 
k: +1.994480000000 -1.918420000000 -0.902420000000 
beta_star: 1.720950

  L_by_sigma: 4.000000
  Re(hcorr): +0.00050384485397 +0.00050406472874 [ratio=0.99956380, diff=2.20e-07, err=1.49e-08] FAIL
  Im(hcorr): -0.00086703903033 -0.00086611058233 [ratio=1.00107197, diff=9.28e-07, err=1.49e-08] FAIL
  [elapsed: 1.1 s]

  L_by_sigma: 8.000000
  Re(hcorr): +0.00050384485397 +0.00050384484076 [ratio=1.00000003, diff=1.32e-11, err=1.48e-08] OK
  Im(hcorr): -0.00086703903033 -0.00086703902832 [ratio=1.00000000, diff=2.01e-12, err=1.49e-08] OK
  [elapsed: 2.2 s]

  L_by_sigma: 12.000000
  Re(hcorr): +0.00050384485397 +0.00050384484295 [ratio=1.00000002, diff=1.10e-11, err=1.49e-08] OK
  Im(hcorr): -0.00086703903033 -0.00086703902533 [ratio=1.00000001, diff=5.00e-12, err=1.49e-08] OK
  [elapsed: 4.4 s]

