A: -2.063310000000 +0.172450000000 -1.412970000000 
B: -0.304880000000 -2.457730000000 +1.899300000000 
E: -1.857150000000 -2.461450000000 -2.685940000000 
k: +0.057610000000 -2.273880000000 +0.847840000000 
beta_star: 1.351010

  L_by_sigma: 4.000000
  Re(hcorr): -0.00268875622496 -0.00268888905589 [ratio=0.99995060, diff=1.33e-07, err=1.49e-08] FAIL
  Im(hcorr): -0.00008659863830 -0.00008672449485 [ratio=0.99854878, diff=1.26e-07, err=1.49e-08] FAIL
  [elapsed: 1.1 s]

  L_by_sigma: 8.000000
  Re(hcorr): -0.00268875622496 -0.00268875618241 [ratio=1.00000002, diff=4.26e-11, err=1.49e-08] OK
  Im(hcorr): -0.00008659863830 -0.00008659863974 [ratio=0.99999998, diff=1.44e-12, err=1.49e-08] OK
  [elapsed: 2.9 s]

  L_by_sigma: 12.000000
  Re(hcorr): -0.00268875622496 -0.00268875619676 [ratio=1.00000001, diff=2.82e-11, err=1.49e-08] OK
  Im(hcorr): -0.00008659863830 -0.00008659863810 [ratio=1.00000000, diff=1.99e-13, err=1.49e-08] OK
  [elapsed: 5.2 s]

