A: +0.314090000000 +0.842900000000 -1.106130000000 
B: +0.448300000000 -0.733440000000 +1.678970000000 
E: +0.621080000000 -0.103830000000 +0.159120000000 
k: +1.609270000000 +0.396740000000 -0.033520000000 
beta_star: 2.212000

  L_by_sigma: 4.000000
  Re(hcorr): +0.03590384409711 +0.03590389220728 [ratio=0.99999866, diff=4.81e-08, err=1.00e-10] FAIL
  Im(hcorr): -0.04337941834918 -0.04337945170993 [ratio=0.99999923, diff=3.34e-08, err=1.00e-10] FAIL
  [elapsed: 2.4 s]

  L_by_sigma: 8.000000
  Re(hcorr): +0.03590384409711 +0.03590384409724 [ratio=1.00000000, diff=1.26e-13, err=1.00e-10] OK
  Im(hcorr): -0.04337941834918 -0.04337941834919 [ratio=1.00000000, diff=1.76e-14, err=1.00e-10] OK
  [elapsed: 6.8 s]

  L_by_sigma: 12.000000
  Re(hcorr): +0.03590384409711 +0.03590384409711 [ratio=1.00000000, diff=2.07e-15, err=1.00e-10] OK
  Im(hcorr): -0.04337941834918 -0.04337941834917 [ratio=1.00000000, diff=1.94e-15, err=9.99e-11] OK
  [elapsed: 6.6 s]

