A: -0.151190000000 -0.047870000000 -1.656830000000 
B: +0.101580000000 -2.121930000000 +2.156080000000 
E: -1.341420000000 +1.956400000000 +1.192840000000 
k: -2.136610000000 -0.351560000000 -0.299700000000 
beta_star: 1.588480

  L_by_sigma: 4.000000
  Re(hcorr): +0.00012405287418 +0.00012410439948 [ratio=0.99958482, diff=5.15e-08, err=1.49e-08] FAIL
  Im(hcorr): -0.00117673151069 -0.00117664946711 [ratio=1.00006973, diff=8.20e-08, err=1.49e-08] FAIL
  [elapsed: 1.0 s]

  L_by_sigma: 8.000000
  Re(hcorr): +0.00012405287418 +0.00012405287523 [ratio=0.99999999, diff=1.05e-12, err=1.49e-08] OK
  Im(hcorr): -0.00117673151069 -0.00117673149848 [ratio=1.00000001, diff=1.22e-11, err=1.49e-08] OK
  [elapsed: 2.4 s]

  L_by_sigma: 12.000000
  Re(hcorr): +0.00012405287418 +0.00012405287739 [ratio=0.99999997, diff=3.21e-12, err=1.49e-08] OK
  Im(hcorr): -0.00117673151069 -0.00117673148367 [ratio=1.00000002, diff=2.70e-11, err=1.49e-08] OK
  [elapsed: 3.7 s]

