A: +0.018160000000 -1.450320000000 -1.342580000000 
B: -0.075040000000 +1.279770000000 +0.108350000000 
E: -1.009450000000 +0.753000000000 +1.099930000000 
k: -0.318810000000 +1.290800000000 +0.029570000000 
beta_star: 1.957890

  L_by_sigma: 4.000000
  Re(hcorr): +0.00559299828326 +0.00559278770751 [ratio=1.00003765, diff=2.11e-07, err=1.49e-08] FAIL
  Im(hcorr): -0.00660552050846 -0.00660554754890 [ratio=0.99999591, diff=2.70e-08, err=1.49e-08] FAIL
  [elapsed: 1.2 s]

  L_by_sigma: 8.000000
  Re(hcorr): +0.00559299828326 +0.00559299823701 [ratio=1.00000001, diff=4.62e-11, err=1.49e-08] OK
  Im(hcorr): -0.00660552050846 -0.00660552050800 [ratio=1.00000000, diff=4.61e-13, err=1.49e-08] OK
  [elapsed: 2.7 s]

  L_by_sigma: 12.000000
  Re(hcorr): +0.00559299828326 +0.00559299816187 [ratio=1.00000002, diff=1.21e-10, err=1.49e-08] OK
  Im(hcorr): -0.00660552050846 -0.00660552050788 [ratio=1.00000000, diff=5.84e-13, err=1.49e-08] OK
  [elapsed: 4.0 s]

