A: -1.370950000000 -1.988200000000 +0.978300000000 
B: +1.271350000000 -1.533670000000 +1.636060000000 
E: -0.997290000000 -1.146910000000 +0.869340000000 
k: -0.622100000000 -0.958860000000 +1.290450000000 
beta_star: 2.301480

  L_by_sigma: 4.000000
  Re(hcorr): -0.10287851637483 -0.10287858756589 [ratio=0.99999931, diff=7.12e-08, err=1.49e-08] FAIL
  Im(hcorr): -0.01712477677917 -0.01712488581027 [ratio=0.99999363, diff=1.09e-07, err=1.48e-08] FAIL
  [elapsed: 1.7 s]

  L_by_sigma: 8.000000
  Re(hcorr): -0.10287851637483 -0.10287851637365 [ratio=1.00000000, diff=1.19e-12, err=1.49e-08] OK
  Im(hcorr): -0.01712477677917 -0.01712477697877 [ratio=0.99999999, diff=2.00e-10, err=1.49e-08] OK
  [elapsed: 5.1 s]

  L_by_sigma: 12.000000
  Re(hcorr): -0.10287851637483 -0.10287851637508 [ratio=1.00000000, diff=2.49e-13, err=1.49e-08] OK
  Im(hcorr): -0.01712477677917 -0.01712477673014 [ratio=1.00000000, diff=4.90e-11, err=1.49e-08] OK
  [elapsed: 10.3 s]

