A: -0.755250000000 +0.930910000000 +1.541970000000 
B: +1.264560000000 -1.445480000000 -0.186790000000 
E: +0.125160000000 +0.475120000000 +0.856400000000 
k: -0.257170000000 +0.993250000000 +0.172660000000 
beta_star: 2.098520

  L_by_sigma: 4.000000
  Re(hcorr): +0.08829110619620 +0.08829099671536 [ratio=1.00000124, diff=1.09e-07, err=1.48e-08] FAIL
  Im(hcorr): -0.03391354931918 -0.03391346445201 [ratio=1.00000250, diff=8.49e-08, err=1.49e-08] FAIL
  [elapsed: 1.6 s]

  L_by_sigma: 8.000000
  Re(hcorr): +0.08829110619620 +0.08829110559936 [ratio=1.00000001, diff=5.97e-10, err=1.49e-08] OK
  Im(hcorr): -0.03391354931918 -0.03391354931621 [ratio=1.00000000, diff=2.97e-12, err=1.49e-08] OK
  [elapsed: 4.0 s]

  L_by_sigma: 12.000000
  Re(hcorr): +0.08829110619620 +0.08829110619142 [ratio=1.00000000, diff=4.79e-12, err=1.49e-08] OK
  Im(hcorr): -0.03391354931918 -0.03391354932062 [ratio=1.00000000, diff=1.44e-12, err=1.49e-08] OK
  [elapsed: 4.9 s]

