A: -0.673990000000 -1.456940000000 +2.122860000000 
B: -1.682980000000 +1.252620000000 +2.641990000000 
E: +2.811320000000 -2.694450000000 +1.897230000000 
k: +0.085200000000 +0.354750000000 -2.130670000000 
beta_star: 1.289780

  L_by_sigma: 4.000000
  Re(hcorr): +0.00303337316983 +0.00292437756963 [ratio=1.03727138, diff=1.09e-04, err=1.49e-08] FAIL
  Im(hcorr): -0.00986301938146 -0.00965948996223 [ratio=1.02107041, diff=2.04e-04, err=1.49e-08] FAIL
  [elapsed: 2.1 s]

  L_by_sigma: 8.000000
  Re(hcorr): +0.00303337316983 +0.00303337314046 [ratio=1.00000001, diff=2.94e-11, err=1.49e-08] OK
  Im(hcorr): -0.00986301938146 -0.00986301937377 [ratio=1.00000000, diff=7.68e-12, err=1.49e-08] OK
  [elapsed: 5.2 s]

  L_by_sigma: 12.000000
  Re(hcorr): +0.00303337316983 +0.00303337315774 [ratio=1.00000000, diff=1.21e-11, err=1.49e-08] OK
  Im(hcorr): -0.00986301938146 -0.00986301937694 [ratio=1.00000000, diff=4.52e-12, err=1.49e-08] OK
  [elapsed: 5.9 s]

