A: -0.388120000000 -1.007680000000 +1.164930000000 
B: +1.838580000000 +0.830450000000 +0.454330000000 
E: +0.084780000000 -1.078950000000 +0.463150000000 
k: -0.547280000000 +0.134270000000 +1.136640000000 
beta_star: 1.291120

  L_by_sigma: 4.000000
  Re(hcorr): +0.09839503777336 +0.09839487438079 [ratio=1.00000166, diff=1.63e-07, err=1.27e-10] FAIL
  Im(hcorr): -0.03999952347272 -0.03999942162248 [ratio=1.00000255, diff=1.02e-07, err=9.99e-11] FAIL
  [elapsed: 4.7 s]

  L_by_sigma: 8.000000
  Re(hcorr): +0.09839503777336 +0.09839503777339 [ratio=1.00000000, diff=2.73e-14, err=1.27e-10] OK
  Im(hcorr): -0.03999952347272 -0.03999952347272 [ratio=1.00000000, diff=1.67e-16, err=9.99e-11] OK
  [elapsed: 10.5 s]

  L_by_sigma: 12.000000
  Re(hcorr): +0.09839503777336 +0.09839503777336 [ratio=1.00000000, diff=4.72e-15, err=1.10e-10] OK
  Im(hcorr): -0.03999952347272 -0.03999952347272 [ratio=1.00000000, diff=1.39e-15, err=1.00e-10] OK
  [elapsed: 12.2 s]

