A: +0.267440000000 +0.664100000000 +1.289290000000 
B: -0.599890000000 -1.995560000000 +0.955530000000 
E: -0.209160000000 +1.577350000000 -1.722750000000 
k: +0.419760000000 -1.351200000000 -0.038110000000 
beta_star: 1.252190

  L_by_sigma: 4.000000
  Re(hcorr): +0.00984926148978 +0.00982647846594 [ratio=1.00231853, diff=2.28e-05, err=1.48e-08] FAIL
  Im(hcorr): +0.00808133116120 +0.00806477287015 [ratio=1.00205316, diff=1.66e-05, err=1.48e-08] FAIL
  [elapsed: 1.1 s]

  L_by_sigma: 8.000000
  Re(hcorr): +0.00984926148978 +0.00984926149566 [ratio=1.00000000, diff=5.87e-12, err=1.49e-08] OK
  Im(hcorr): +0.00808133116120 +0.00808133115358 [ratio=1.00000000, diff=7.62e-12, err=1.49e-08] OK
  [elapsed: 3.4 s]

  L_by_sigma: 12.000000
  Re(hcorr): +0.00984926148978 +0.00984926151595 [ratio=1.00000000, diff=2.62e-11, err=1.49e-08] OK
  Im(hcorr): +0.00808133116120 +0.00808133115006 [ratio=1.00000000, diff=1.11e-11, err=1.49e-08] OK
  [elapsed: 5.2 s]

