A: -1.126670000000 -1.453380000000 +0.979820000000 
B: -1.144190000000 -1.511980000000 +0.157830000000 
E: -0.886510000000 +0.002170000000 -0.447680000000 
k: -0.759360000000 -0.969970000000 -1.083380000000 
beta_star: 1.946840

  L_by_sigma: 4.000000
  Re(hcorr): +0.05291735106139 +0.05288065735766 [ratio=1.00069390, diff=3.67e-05, err=1.00e-10] FAIL
  Im(hcorr): -0.26493225188255 -0.26493106293820 [ratio=1.00000449, diff=1.19e-06, err=1.73e-10] FAIL
  [elapsed: 6.1 s]

  L_by_sigma: 8.000000
  Re(hcorr): +0.05291735106139 +0.05291735106139 [ratio=1.00000000, diff=9.13e-15, err=1.00e-10] OK
  Im(hcorr): -0.26493225188255 -0.26493225188256 [ratio=1.00000000, diff=9.99e-15, err=1.74e-10] OK
  [elapsed: 14.2 s]

  L_by_sigma: 12.000000
  Re(hcorr): +0.05291735106139 +0.05291735106139 [ratio=1.00000000, diff=4.66e-15, err=1.00e-10] OK
  Im(hcorr): -0.26493225188255 -0.26493225188255 [ratio=1.00000000, diff=2.78e-15, err=1.74e-10] OK
  [elapsed: 15.0 s]

