A: +0.924500000000 -0.730910000000 +0.069770000000 
B: -1.128030000000 -1.407050000000 +0.553500000000 
E: -1.639030000000 -0.537080000000 +0.711650000000 
k: +1.076590000000 -0.085470000000 +1.285800000000 
beta_star: 1.034730

  L_by_sigma: 4.000000
  Re(hcorr): +0.00674324226102 +0.00674381907959 [ratio=0.99991447, diff=5.77e-07, err=1.49e-08] FAIL
  Im(hcorr): +0.00283840381379 +0.00283822300874 [ratio=1.00006370, diff=1.81e-07, err=1.48e-08] FAIL
  [elapsed: 1.3 s]

  L_by_sigma: 8.000000
  Re(hcorr): +0.00674324226102 +0.00674324226096 [ratio=1.00000000, diff=5.95e-14, err=1.49e-08] OK
  Im(hcorr): +0.00283840381379 +0.00283840381343 [ratio=1.00000000, diff=3.54e-13, err=1.49e-08] OK
  [elapsed: 3.1 s]

  L_by_sigma: 12.000000
  Re(hcorr): +0.00674324226102 +0.00674324226064 [ratio=1.00000000, diff=3.74e-13, err=1.49e-08] OK
  Im(hcorr): +0.00283840381379 +0.00283840385773 [ratio=0.99999998, diff=4.39e-11, err=1.49e-08] OK
  [elapsed: 8.0 s]

