A: -2.278130000000 +1.213340000000 -1.616710000000 
B: -1.978780000000 -1.938560000000 -0.077090000000 
E: -2.744260000000 -1.317780000000 -1.354890000000 
k: -1.072160000000 +0.525500000000 +2.937960000000 
beta_star: 1.947420

  L_by_sigma: 4.000000
  Re(hcorr): -0.00016397771640 -0.00016397221508 [ratio=1.00003355, diff=5.50e-09, err=1.49e-08] OK
  Im(hcorr): +0.00570371052053 +0.00570371380833 [ratio=0.99999942, diff=3.29e-09, err=1.49e-08] OK
  [elapsed: 3.7 s]

  L_by_sigma: 8.000000
  Re(hcorr): -0.00016397771640 -0.00016397771355 [ratio=1.00000002, diff=2.86e-12, err=1.49e-08] OK
  Im(hcorr): +0.00570371052053 +0.00570371052352 [ratio=1.00000000, diff=2.99e-12, err=1.49e-08] OK
  [elapsed: 8.5 s]

  L_by_sigma: 12.000000
  Re(hcorr): -0.00016397771640 -0.00016397770884 [ratio=1.00000005, diff=7.56e-12, err=1.49e-08] OK
  Im(hcorr): +0.00570371052053 +0.00570371061585 [ratio=0.99999998, diff=9.53e-11, err=1.49e-08] OK
  [elapsed: 8.8 s]

