A: +1.451800000000 -0.317960000000 +1.809240000000 
B: +0.350390000000 +1.906320000000 -2.287940000000 
E: -0.122200000000 +0.087360000000 -0.649500000000 
k: -2.625950000000 +2.733850000000 +1.345310000000 
beta_star: 0.160340

  L_by_sigma: 4.000000
  Re(hcorr): +0.00000000000001 +0.00000000000001 [ratio=0.99899697, diff=6.95e-18, err=1.13e-12] OK
  Im(hcorr): +0.00000000000000 +0.00000000000000 [ratio=0.99903449, diff=2.26e-18, err=3.86e-13] OK
  [elapsed: 0.2 s]

  L_by_sigma: 8.000000
  Re(hcorr): +0.00000000000001 +0.00000000000001 [ratio=0.99602437, diff=2.76e-17, err=9.18e-13] OK
  Im(hcorr): +0.00000000000000 +0.00000000000000 [ratio=0.99617405, diff=8.97e-18, err=3.19e-13] OK
  [elapsed: 0.2 s]

  L_by_sigma: 12.000000
  Re(hcorr): +0.00000000000001 +0.00000000000001 [ratio=0.99118539, diff=6.16e-17, err=7.86e-13] OK
  Im(hcorr): +0.00000000000000 +0.00000000000000 [ratio=0.99151954, diff=2.00e-17, err=2.74e-13] OK
  [elapsed: 0.2 s]

