A: +1.347590000000 -1.211160000000 -1.221660000000 
B: +1.852520000000 -0.520630000000 -1.718360000000 
E: +1.805600000000 -0.271120000000 -0.122030000000 
k: -0.031780000000 +0.221380000000 -0.985680000000 
beta_star: 1.584470

  L_by_sigma: 4.000000
  Re(hcorr): +0.44923644705447 +0.44916180638018 [ratio=1.00016618, diff=7.46e-05, err=1.48e-08] FAIL
  Im(hcorr): -0.32289786621060 -0.32302773094727 [ratio=0.99959798, diff=1.30e-04, err=1.49e-08] FAIL
  [elapsed: 1.9 s]

  L_by_sigma: 8.000000
  Re(hcorr): +0.44923644705447 +0.44923644704167 [ratio=1.00000000, diff=1.28e-11, err=1.49e-08] OK
  Im(hcorr): -0.32289786621060 -0.32289786621154 [ratio=1.00000000, diff=9.36e-13, err=1.49e-08] OK
  [elapsed: 4.5 s]

  L_by_sigma: 12.000000
  Re(hcorr): +0.44923644705447 +0.44923644703632 [ratio=1.00000000, diff=1.82e-11, err=1.49e-08] OK
  Im(hcorr): -0.32289786621060 -0.32289786621057 [ratio=1.00000000, diff=2.90e-14, err=1.49e-08] OK
  [elapsed: 9.1 s]

