A: +0.453690000000 +1.877330000000 -0.536510000000 
B: +0.717170000000 +1.972980000000 +1.096230000000 
E: +0.279850000000 +1.370150000000 +0.116100000000 
k: -0.414490000000 -1.819090000000 +1.075230000000 
beta_star: 1.789900

  L_by_sigma: 4.000000
  Re(hcorr): -0.12102000202713 -0.12102115132931 [ratio=0.99999050, diff=1.15e-06, err=1.49e-08] FAIL
  Im(hcorr): +0.05647779212595 +0.05647780843229 [ratio=0.99999971, diff=1.63e-08, err=1.49e-08] FAIL
  [elapsed: 1.7 s]

  L_by_sigma: 8.000000
  Re(hcorr): -0.12102000202713 -0.12102000202839 [ratio=1.00000000, diff=1.26e-12, err=1.49e-08] OK
  Im(hcorr): +0.05647779212595 +0.05647779162360 [ratio=1.00000001, diff=5.02e-10, err=1.49e-08] OK
  [elapsed: 5.8 s]

  L_by_sigma: 12.000000
  Re(hcorr): -0.12102000202713 -0.12102000203574 [ratio=1.00000000, diff=8.60e-12, err=1.49e-08] OK
  Im(hcorr): +0.05647779212595 +0.05647779212562 [ratio=1.00000000, diff=3.24e-13, err=1.49e-08] OK
  [elapsed: 11.8 s]

