A: +1.610940000000 -2.506130000000 +2.509350000000 
B: +1.632370000000 +1.089160000000 +2.323520000000 
E: +2.690840000000 -2.145750000000 +0.915620000000 
k: +0.122840000000 +0.732860000000 -1.459750000000 
beta_star: 0.190220

  L_by_sigma: 4.000000
  Re(hcorr): -0.00000315028492 -0.00000315019909 [ratio=1.00002724, diff=8.58e-11, err=1.49e-08] OK
  Im(hcorr): +0.00000084828480 +0.00000084838304 [ratio=0.99988420, diff=9.82e-11, err=1.48e-08] OK
  [elapsed: 0.6 s]

  L_by_sigma: 8.000000
  Re(hcorr): -0.00000315028492 -0.00000315028480 [ratio=1.00000004, diff=1.14e-13, err=1.49e-08] OK
  Im(hcorr): +0.00000084828480 +0.00000084828414 [ratio=1.00000077, diff=6.56e-13, err=1.49e-08] OK
  [elapsed: 0.9 s]

  L_by_sigma: 12.000000
  Re(hcorr): -0.00000315028492 -0.00000315027763 [ratio=1.00000231, diff=7.29e-12, err=1.49e-08] OK
  Im(hcorr): +0.00000084828480 +0.00000084826216 [ratio=1.00002669, diff=2.26e-11, err=1.48e-08] OK
  [elapsed: 1.8 s]

