A: +2.146090000000 +0.670980000000 +2.396020000000 
B: -0.417750000000 -2.317470000000 -0.294000000000 
E: +1.037970000000 -1.969980000000 +2.694520000000 
k: -2.861240000000 -0.690390000000 -1.270670000000 
beta_star: 1.861090

  L_by_sigma: 4.000000
  Re(hcorr): +0.00036524054507 +0.00036524044522 [ratio=1.00000027, diff=9.98e-11, err=1.49e-08] OK
  Im(hcorr): -0.00243221283124 -0.00243221278306 [ratio=1.00000002, diff=4.82e-11, err=1.49e-08] OK
  [elapsed: 1.5 s]

  L_by_sigma: 8.000000
  Re(hcorr): +0.00036524054507 +0.00036524053300 [ratio=1.00000003, diff=1.21e-11, err=1.49e-08] OK
  Im(hcorr): -0.00243221283124 -0.00243221277839 [ratio=1.00000002, diff=5.28e-11, err=1.49e-08] OK
  [elapsed: 4.5 s]

  L_by_sigma: 12.000000
  Re(hcorr): +0.00036524054507 +0.00036524054136 [ratio=1.00000001, diff=3.70e-12, err=1.49e-08] OK
  Im(hcorr): -0.00243221283124 -0.00243221281837 [ratio=1.00000001, diff=1.29e-11, err=1.49e-08] OK
  [elapsed: 6.5 s]

