A: +2.974610000000 +1.169080000000 -2.178710000000 
B: -2.961150000000 -1.129900000000 -0.599080000000 
E: +2.612920000000 +0.502640000000 +1.428930000000 
k: -2.163660000000 +2.140740000000 -2.631300000000 
beta_star: 0.115970

  L_by_sigma: 4.000000
  Re(hcorr): +0.00000000000000 +0.00000000000000 [ratio=0.99935889, diff=5.07e-31, err=9.41e-27] OK
  Im(hcorr): +0.00000000000000 +0.00000000000000 [ratio=0.99995645, diff=1.00e-32, err=1.91e-26] OK
  [elapsed: 0.2 s]

  L_by_sigma: 8.000000
  Re(hcorr): +0.00000000000000 +0.00000000000000 [ratio=1.00021796, diff=1.72e-31, err=8.36e-27] OK
  Im(hcorr): +0.00000000000000 +0.00000000000000 [ratio=0.99858148, diff=3.27e-31, err=1.66e-26] OK
  [elapsed: 0.2 s]

  L_by_sigma: 12.000000
  Re(hcorr): +0.00000000000000 +0.00000000000000 [ratio=1.00048649, diff=3.84e-31, err=9.38e-27] OK
  Im(hcorr): +0.00000000000000 +0.00000000000000 [ratio=0.99680505, diff=7.39e-31, err=1.49e-26] OK
  [elapsed: 0.2 s]

