A: -1.085870000000 +0.641190000000 +1.360650000000 
B: -0.499870000000 +2.293530000000 -1.950860000000 
E: -1.106890000000 -0.469800000000 -1.032420000000 
k: +2.349380000000 +0.579100000000 -0.492920000000 
beta_star: 0.687250

  L_by_sigma: 4.000000
  Re(hcorr): -0.00016493912925 -0.00016494602060 [ratio=0.99995822, diff=6.89e-09, err=1.49e-08] OK
  Im(hcorr): +0.00031899129716 +0.00031899056909 [ratio=1.00000228, diff=7.28e-10, err=1.49e-08] OK
  [elapsed: 0.9 s]

  L_by_sigma: 8.000000
  Re(hcorr): -0.00016493912925 -0.00016493912850 [ratio=1.00000000, diff=7.42e-13, err=1.49e-08] OK
  Im(hcorr): +0.00031899129716 +0.00031899128396 [ratio=1.00000004, diff=1.32e-11, err=1.49e-08] OK
  [elapsed: 2.0 s]

  L_by_sigma: 12.000000
  Re(hcorr): -0.00016493912925 -0.00016493912626 [ratio=1.00000002, diff=2.98e-12, err=1.49e-08] OK
  Im(hcorr): +0.00031899129716 +0.00031899129408 [ratio=1.00000001, diff=3.08e-12, err=1.49e-08] OK
  [elapsed: 3.4 s]

