A: -0.002340000000 +0.336510000000 +1.094730000000 
B: -1.276460000000 +1.973760000000 +1.184260000000 
E: -0.420000000000 +0.596080000000 -0.155250000000 
k: +1.866230000000 +1.456960000000 -1.898260000000 
beta_star: 2.469550

  L_by_sigma: 4.000000
  Re(hcorr): +0.03785367172805 +0.03785363917160 [ratio=1.00000086, diff=3.26e-08, err=1.49e-08] FAIL
  Im(hcorr): -0.00726884392099 -0.00726881602760 [ratio=1.00000384, diff=2.79e-08, err=1.49e-08] FAIL
  [elapsed: 3.4 s]

  L_by_sigma: 8.000000
  Re(hcorr): +0.03785367172805 +0.03785367172812 [ratio=1.00000000, diff=6.82e-14, err=1.49e-08] OK
  Im(hcorr): -0.00726884392099 -0.00726884388999 [ratio=1.00000000, diff=3.10e-11, err=1.49e-08] OK
  [elapsed: 8.9 s]

  L_by_sigma: 12.000000
  Re(hcorr): +0.03785367172805 +0.03785367172742 [ratio=1.00000000, diff=6.30e-13, err=1.49e-08] OK
  Im(hcorr): -0.00726884392099 -0.00726884392185 [ratio=1.00000000, diff=8.59e-13, err=1.49e-08] OK
  [elapsed: 12.3 s]

