A: +0.139420000000 -0.913220000000 +1.677960000000 
B: -0.641080000000 -0.293620000000 -1.152670000000 
E: -1.602670000000 +1.692960000000 +1.814450000000 
k: +0.592570000000 -0.157280000000 -0.636740000000 
beta_star: 1.358160

  L_by_sigma: 4.000000
  Re(hcorr): +0.00186572393666 +0.00186137224862 [ratio=1.00233789, diff=4.35e-06, err=1.49e-08] FAIL
  Im(hcorr): +0.01206312817270 +0.01206333247474 [ratio=0.99998306, diff=2.04e-07, err=1.49e-08] FAIL
  [elapsed: 1.1 s]

  L_by_sigma: 8.000000
  Re(hcorr): +0.00186572393666 +0.00186572394686 [ratio=0.99999999, diff=1.02e-11, err=1.49e-08] OK
  Im(hcorr): +0.01206312817270 +0.01206312815655 [ratio=1.00000000, diff=1.62e-11, err=1.49e-08] OK
  [elapsed: 3.4 s]

  L_by_sigma: 12.000000
  Re(hcorr): +0.00186572393666 +0.00186572394980 [ratio=0.99999999, diff=1.31e-11, err=1.49e-08] OK
  Im(hcorr): +0.01206312817270 +0.01206312816362 [ratio=1.00000000, diff=9.09e-12, err=1.49e-08] OK
  [elapsed: 5.4 s]

