A: +0.761570000000 -0.744900000000 +1.387980000000 
B: -2.347090000000 +0.271710000000 -1.716460000000 
E: +2.067980000000 -2.126810000000 -1.796000000000 
k: -2.158950000000 -0.423080000000 -2.258680000000 
beta_star: 0.263590

  L_by_sigma: 4.000000
  Re(hcorr): +0.00000000000338 +0.00000000000353 [ratio=0.95584727, diff=1.56e-13, err=3.05e-12] OK
  Im(hcorr): -0.00000000000705 -0.00000000000701 [ratio=1.00547877, diff=3.84e-14, err=2.08e-12] OK
  [elapsed: 0.2 s]

  L_by_sigma: 8.000000
  Re(hcorr): +0.00000000000338 +0.00000000000338 [ratio=0.99997186, diff=9.51e-17, err=5.99e-12] OK
  Im(hcorr): -0.00000000000705 -0.00000000000705 [ratio=0.99999280, diff=5.08e-17, err=5.52e-12] OK
  [elapsed: 0.2 s]

  L_by_sigma: 12.000000
  Re(hcorr): +0.00000000000338 +0.00000000000338 [ratio=0.99993651, diff=2.14e-16, err=1.23e-11] OK
  Im(hcorr): -0.00000000000705 -0.00000000000705 [ratio=0.99998392, diff=1.13e-16, err=1.62e-11] OK
  [elapsed: 0.2 s]

