A: -0.245670000000 +2.217140000000 +0.346340000000 
B: -0.716970000000 -1.019940000000 -1.332560000000 
E: +2.675790000000 +2.603810000000 -1.418540000000 
k: +0.977510000000 -0.683440000000 +0.762120000000 
beta_star: 0.691030

  L_by_sigma: 4.000000
  Re(hcorr): +0.00019115638600 +0.00019313418934 [ratio=0.98975943, diff=1.98e-06, err=1.46e-08] FAIL
  Im(hcorr): +0.00016644677078 +0.00016450393722 [ratio=1.01181026, diff=1.94e-06, err=1.48e-08] FAIL
  [elapsed: 0.6 s]

  L_by_sigma: 8.000000
  Re(hcorr): +0.00019115638600 +0.00019115638567 [ratio=1.00000000, diff=3.38e-13, err=1.49e-08] OK
  Im(hcorr): +0.00016644677078 +0.00016644676976 [ratio=1.00000001, diff=1.02e-12, err=1.49e-08] OK
  [elapsed: 1.4 s]

  L_by_sigma: 12.000000
  Re(hcorr): +0.00019115638600 +0.00019115638586 [ratio=1.00000000, diff=1.42e-13, err=1.49e-08] OK
  Im(hcorr): +0.00016644677078 +0.00016644676840 [ratio=1.00000001, diff=2.38e-12, err=1.49e-08] OK
  [elapsed: 2.1 s]

