A: +0.434320000000 -1.483960000000 -1.244420000000 
B: +1.768870000000 +1.167950000000 -1.506220000000 
E: +1.792980000000 -0.847440000000 -0.970700000000 
k: -0.250610000000 +1.474970000000 -0.331310000000 
beta_star: 0.480480

  L_by_sigma: 4.000000
  Re(hcorr): +0.00236853500886 +0.00236853528152 [ratio=0.99999988, diff=2.73e-10, err=1.00e-10] FAIL
  Im(hcorr): +0.00462911977301 +0.00462912018617 [ratio=0.99999991, diff=4.13e-10, err=9.97e-11] FAIL
  [elapsed: 2.0 s]

  L_by_sigma: 8.000000
  Re(hcorr): +0.00236853500886 +0.00236853500887 [ratio=1.00000000, diff=1.53e-14, err=1.00e-10] OK
  Im(hcorr): +0.00462911977301 +0.00462911977301 [ratio=1.00000000, diff=4.15e-16, err=1.00e-10] OK
  [elapsed: 5.5 s]

  L_by_sigma: 12.000000
  Re(hcorr): +0.00236853500886 +0.00236853500885 [ratio=1.00000000, diff=2.92e-15, err=9.99e-11] OK
  Im(hcorr): +0.00462911977301 +0.00462911977301 [ratio=1.00000000, diff=4.56e-16, err=1.00e-10] OK
  [elapsed: 9.6 s]

