A: -0.912540000000 -0.318460000000 -0.035270000000 
B: +0.688590000000 +1.367370000000 -1.433240000000 
E: +1.793230000000 -0.282980000000 +0.503620000000 
k: -1.425300000000 +0.664540000000 -1.513120000000 
beta_star: 1.363520

  L_by_sigma: 4.000000
  Re(hcorr): -0.00292153053293 -0.00292221441231 [ratio=0.99976597, diff=6.84e-07, err=1.00e-10] FAIL
  Im(hcorr): +0.00416640114320 +0.00416571607009 [ratio=1.00016446, diff=6.85e-07, err=9.99e-11] FAIL
  [elapsed: 3.7 s]

  L_by_sigma: 8.000000
  Re(hcorr): -0.00292153053293 -0.00292153053293 [ratio=1.00000000, diff=9.94e-16, err=1.00e-10] OK
  Im(hcorr): +0.00416640114320 +0.00416640114321 [ratio=1.00000000, diff=4.92e-15, err=9.99e-11] OK
  [elapsed: 9.6 s]

  L_by_sigma: 12.000000
  Re(hcorr): -0.00292153053293 -0.00292153053293 [ratio=1.00000000, diff=2.87e-15, err=1.00e-10] OK
  Im(hcorr): +0.00416640114320 +0.00416640114318 [ratio=1.00000000, diff=2.63e-14, err=1.00e-10] OK
  [elapsed: 12.4 s]

