A: +1.285980000000 +0.913890000000 +0.356870000000 
B: -1.757710000000 -1.540170000000 -0.662660000000 
E: -1.759030000000 -0.675810000000 +0.436060000000 
k: -0.820070000000 +0.060470000000 -1.831410000000 
beta_star: 2.358570

  L_by_sigma: 4.000000
  Re(hcorr): +0.00413063055603 +0.00413063188178 [ratio=0.99999968, diff=1.33e-09, err=9.98e-11] FAIL
  Im(hcorr): -0.00268978898923 -0.00268978989374 [ratio=0.99999966, diff=9.05e-10, err=9.99e-11] FAIL
  [elapsed: 5.0 s]

  L_by_sigma: 8.000000
  Re(hcorr): +0.00413063055603 +0.00413063055602 [ratio=1.00000000, diff=9.55e-15, err=9.99e-11] OK
  Im(hcorr): -0.00268978898923 -0.00268978898890 [ratio=1.00000000, diff=3.27e-13, err=1.00e-10] OK
  [elapsed: 10.8 s]

  L_by_sigma: 12.000000
  Re(hcorr): +0.00413063055603 +0.00413063055589 [ratio=1.00000000, diff=1.48e-13, err=9.99e-11] OK
  Im(hcorr): -0.00268978898923 -0.00268978898923 [ratio=1.00000000, diff=1.08e-15, err=1.00e-10] OK
  [elapsed: 10.9 s]

