A: +1.943580000000 +1.394200000000 -0.037840000000 
B: +1.863750000000 +0.690060000000 -1.307420000000 
E: -1.680320000000 +0.770310000000 +0.605930000000 
k: +0.277040000000 +0.353200000000 -1.782700000000 
beta_star: 0.802730

  L_by_sigma: 4.000000
  Re(hcorr): +0.00215846749065 +0.00238684621980 [ratio=0.90431779, diff=2.28e-04, err=9.98e-11] FAIL
  Im(hcorr): -0.00569176857116 -0.00471431408065 [ratio=1.20733758, diff=9.77e-04, err=9.99e-11] FAIL
  [elapsed: 2.3 s]

  L_by_sigma: 8.000000
  Re(hcorr): +0.00215846749065 +0.00215846961492 [ratio=0.99999902, diff=2.12e-09, err=1.00e-10] FAIL
  Im(hcorr): -0.00569176857116 -0.00569176804040 [ratio=1.00000009, diff=5.31e-10, err=1.00e-10] FAIL
  [elapsed: 7.0 s]

  L_by_sigma: 12.000000
  Re(hcorr): +0.00215846749065 +0.00215846749067 [ratio=1.00000000, diff=2.38e-14, err=1.00e-10] OK
  Im(hcorr): -0.00569176857116 -0.00569176857113 [ratio=1.00000000, diff=2.10e-14, err=1.00e-10] OK
  [elapsed: 7.8 s]

