A: +0.926170000000 +0.776980000000 -1.677690000000 
B: +0.036670000000 +1.133820000000 +1.477890000000 
E: -0.017290000000 +1.685670000000 -0.890910000000 
k: -0.169490000000 +0.242810000000 +1.320740000000 
beta_star: 2.143030

  L_by_sigma: 4.000000
  Re(hcorr): +0.06467995874423 +0.06467977767979 [ratio=1.00000280, diff=1.81e-07, err=9.99e-11] FAIL
  Im(hcorr): +0.04002461110661 +0.04002471658387 [ratio=0.99999736, diff=1.05e-07, err=1.00e-10] FAIL
  [elapsed: 5.3 s]

  L_by_sigma: 8.000000
  Re(hcorr): +0.06467995874423 +0.06467995874423 [ratio=1.00000000, diff=9.71e-17, err=1.00e-10] OK
  Im(hcorr): +0.04002461110661 +0.04002461110661 [ratio=1.00000000, diff=6.04e-15, err=1.00e-10] OK
  [elapsed: 11.5 s]

  L_by_sigma: 12.000000
  Re(hcorr): +0.06467995874423 +0.06467995874433 [ratio=1.00000000, diff=1.00e-13, err=1.00e-10] OK
  Im(hcorr): +0.04002461110661 +0.04002461110662 [ratio=1.00000000, diff=1.11e-14, err=1.00e-10] OK
  [elapsed: 11.7 s]

