A: +1.195060000000 +1.776150000000 +0.535080000000 
B: +0.088290000000 -0.379100000000 +1.005500000000 
E: -1.418240000000 +0.163810000000 -0.584850000000 
k: -1.990250000000 -1.461700000000 -1.353810000000 
beta_star: 0.690950

  L_by_sigma: 4.000000
  Re(hcorr): +0.00001428199653 +0.00001419731022 [ratio=1.00596495, diff=8.47e-08, err=9.99e-11] FAIL
  Im(hcorr): -0.00002913305897 -0.00002905653530 [ratio=1.00263361, diff=7.65e-08, err=9.97e-11] FAIL
  [elapsed: 1.3 s]

  L_by_sigma: 8.000000
  Re(hcorr): +0.00001428199653 +0.00001428199671 [ratio=0.99999999, diff=1.82e-13, err=9.99e-11] OK
  Im(hcorr): -0.00002913305897 -0.00002913305901 [ratio=1.00000000, diff=4.51e-14, err=1.00e-10] OK
  [elapsed: 4.2 s]

  L_by_sigma: 12.000000
  Re(hcorr): +0.00001428199653 +0.00001428199653 [ratio=1.00000000, diff=5.01e-16, err=1.00e-10] OK
  Im(hcorr): -0.00002913305897 -0.00002913305898 [ratio=1.00000000, diff=1.12e-14, err=9.99e-11] OK
  [elapsed: 6.8 s]

