A: -0.720250000000 -0.315230000000 +1.903560000000 
B: +0.214610000000 +1.155940000000 +0.680680000000 
E: -0.166530000000 +0.863500000000 -0.282170000000 
k: -0.129940000000 -0.683640000000 +0.924610000000 
beta_star: 2.323170

  L_by_sigma: 4.000000
  Re(hcorr): +0.07837296454483 +0.07836941864195 [ratio=1.00004525, diff=3.55e-06, err=9.99e-11] FAIL
  Im(hcorr): +0.01345381663932 +0.01344925269016 [ratio=1.00033935, diff=4.56e-06, err=9.95e-11] FAIL
  [elapsed: 2.9 s]

  L_by_sigma: 8.000000
  Re(hcorr): +0.07837296454483 +0.07837296454483 [ratio=1.00000000, diff=3.14e-15, err=1.00e-10] OK
  Im(hcorr): +0.01345381663932 +0.01345381663919 [ratio=1.00000000, diff=1.25e-13, err=9.99e-11] OK
  [elapsed: 7.5 s]

  L_by_sigma: 12.000000
  Re(hcorr): +0.07837296454483 +0.07837296454484 [ratio=1.00000000, diff=7.16e-15, err=1.00e-10] OK
  Im(hcorr): +0.01345381663932 +0.01345381663824 [ratio=1.00000000, diff=1.08e-12, err=1.00e-10] OK
  [elapsed: 12.0 s]

