A: +1.584550000000 -1.142060000000 -0.279880000000 
B: +1.666910000000 -0.107480000000 +1.344620000000 
E: -0.446240000000 +0.290800000000 +0.451310000000 
k: -0.616220000000 +0.012450000000 -1.540900000000 
beta_star: 1.169920

  L_by_sigma: 4.000000
  Re(hcorr): +0.01229127006666 +0.01230367322056 [ratio=0.99899191, diff=1.24e-05, err=1.00e-10] FAIL
  Im(hcorr): +0.01965367782975 +0.01965611849389 [ratio=0.99987583, diff=2.44e-06, err=9.98e-11] FAIL
  [elapsed: 4.2 s]

  L_by_sigma: 8.000000
  Re(hcorr): +0.01229127006666 +0.01229127006659 [ratio=1.00000000, diff=7.12e-14, err=1.00e-10] OK
  Im(hcorr): +0.01965367782975 +0.01965367782974 [ratio=1.00000000, diff=1.35e-14, err=1.00e-10] OK
  [elapsed: 9.6 s]

  L_by_sigma: 12.000000
  Re(hcorr): +0.01229127006666 +0.01229127006666 [ratio=1.00000000, diff=1.15e-15, err=1.00e-10] OK
  Im(hcorr): +0.01965367782975 +0.01965367782975 [ratio=1.00000000, diff=7.67e-16, err=1.00e-10] OK
  [elapsed: 11.3 s]

