A: +0.770740000000 -1.233340000000 -1.185070000000 
B: -0.973690000000 +1.140230000000 +1.149800000000 
E: -1.870800000000 +0.487990000000 +0.134220000000 
k: -0.468740000000 -0.355800000000 -1.135460000000 
beta_star: 0.476580

  L_by_sigma: 4.000000
  Re(hcorr): +0.00000022278293 +0.00000022277964 [ratio=1.00001473, diff=3.28e-12, err=1.00e-10] OK
  Im(hcorr): -0.00000010877384 -0.00000010877603 [ratio=0.99997980, diff=2.20e-12, err=9.97e-11] OK
  [elapsed: 0.6 s]

  L_by_sigma: 8.000000
  Re(hcorr): +0.00000022278293 +0.00000022278291 [ratio=1.00000009, diff=2.06e-14, err=9.92e-11] OK
  Im(hcorr): -0.00000010877384 -0.00000010877383 [ratio=1.00000004, diff=4.07e-15, err=9.96e-11] OK
  [elapsed: 1.0 s]

  L_by_sigma: 12.000000
  Re(hcorr): +0.00000022278293 +0.00000022278292 [ratio=1.00000002, diff=4.06e-15, err=9.99e-11] OK
  Im(hcorr): -0.00000010877384 -0.00000010877383 [ratio=1.00000005, diff=5.33e-15, err=9.96e-11] OK
  [elapsed: 2.0 s]

