A: +1.329030000000 +1.085910000000 +1.237020000000 
B: +1.937130000000 +1.391180000000 -1.314930000000 
E: +1.860930000000 +0.139460000000 +1.585680000000 
k: +0.700160000000 +1.279200000000 -1.493140000000 
beta_star: 1.093400

  L_by_sigma: 4.000000
  Re(hcorr): +0.05977673264481 +0.05977122982604 [ratio=1.00009206, diff=5.50e-06, err=1.00e-10] FAIL
  Im(hcorr): -0.00852061537699 -0.00851874307570 [ratio=1.00021979, diff=1.87e-06, err=9.98e-11] FAIL
  [elapsed: 5.2 s]

  L_by_sigma: 8.000000
  Re(hcorr): +0.05977673264481 +0.05977673264481 [ratio=1.00000000, diff=2.08e-17, err=1.00e-10] OK
  Im(hcorr): -0.00852061537699 -0.00852061537698 [ratio=1.00000000, diff=1.33e-15, err=9.99e-11] OK
  [elapsed: 12.0 s]

  L_by_sigma: 12.000000
  Re(hcorr): +0.05977673264481 +0.05977673264482 [ratio=1.00000000, diff=5.66e-15, err=9.99e-11] OK
  Im(hcorr): -0.00852061537699 -0.00852061537747 [ratio=1.00000000, diff=4.85e-13, err=1.00e-10] OK
  [elapsed: 13.4 s]

