A: -0.797160000000 +0.444400000000 -0.454360000000 
B: +1.043530000000 -0.848490000000 +1.795450000000 
E: +1.431260000000 -0.028340000000 +0.544170000000 
k: +0.021990000000 +1.765000000000 +1.365370000000 
beta_star: 0.512050

  L_by_sigma: 4.000000
  Re(hcorr): +0.00009732682716 +0.00009732645695 [ratio=1.00000380, diff=3.70e-10, err=9.98e-11] FAIL
  Im(hcorr): -0.00008061181882 -0.00008061157854 [ratio=1.00000298, diff=2.40e-10, err=9.99e-11] FAIL
  [elapsed: 1.4 s]

  L_by_sigma: 8.000000
  Re(hcorr): +0.00009732682716 +0.00009732682717 [ratio=1.00000000, diff=8.43e-16, err=1.00e-10] OK
  Im(hcorr): -0.00008061181882 -0.00008061181882 [ratio=1.00000000, diff=1.02e-15, err=9.99e-11] OK
  [elapsed: 3.9 s]

  L_by_sigma: 12.000000
  Re(hcorr): +0.00009732682716 +0.00009732682716 [ratio=1.00000000, diff=5.36e-16, err=1.00e-10] OK
  Im(hcorr): -0.00008061181882 -0.00008061181882 [ratio=1.00000000, diff=1.92e-15, err=1.00e-10] OK
  [elapsed: 8.0 s]

