A: -1.886300000000 +1.397960000000 -0.431820000000 
B: +0.301980000000 -1.785710000000 -1.896360000000 
E: -1.127600000000 +0.839790000000 -1.683550000000 
k: -1.145180000000 +1.513070000000 +1.549830000000 
beta_star: 2.205670

  L_by_sigma: 4.000000
  Re(hcorr): +0.02247164268872 +0.02247164899430 [ratio=0.99999972, diff=6.31e-09, err=1.00e-10] FAIL
  Im(hcorr): +0.00447996446405 +0.00447996403742 [ratio=1.00000010, diff=4.27e-10, err=1.00e-10] FAIL
  [elapsed: 4.2 s]

  L_by_sigma: 8.000000
  Re(hcorr): +0.02247164268872 +0.02247164268868 [ratio=1.00000000, diff=4.02e-14, err=1.00e-10] OK
  Im(hcorr): +0.00447996446405 +0.00447996446406 [ratio=1.00000000, diff=2.10e-15, err=1.00e-10] OK
  [elapsed: 10.3 s]

  L_by_sigma: 12.000000
  Re(hcorr): +0.02247164268872 +0.02247164268872 [ratio=1.00000000, diff=1.96e-15, err=1.00e-10] OK
  Im(hcorr): +0.00447996446405 +0.00447996446378 [ratio=1.00000000, diff=2.69e-13, err=1.00e-10] OK
  [elapsed: 13.6 s]

