A: +0.109780000000 -0.397350000000 -1.656140000000 
B: +0.096260000000 -1.970130000000 +0.531060000000 
E: -0.341910000000 -0.251240000000 +0.186770000000 
k: +0.741910000000 -0.765700000000 +1.685200000000 
beta_star: 1.260120

  L_by_sigma: 4.000000
  Re(hcorr): +0.02620720537244 +0.02620720121993 [ratio=1.00000016, diff=4.15e-09, err=9.99e-11] FAIL
  Im(hcorr): -0.00527317473205 -0.00527322808559 [ratio=0.99998988, diff=5.34e-08, err=1.00e-10] FAIL
  [elapsed: 4.6 s]

  L_by_sigma: 8.000000
  Re(hcorr): +0.02620720537244 +0.02620720537237 [ratio=1.00000000, diff=7.74e-14, err=1.00e-10] OK
  Im(hcorr): -0.00527317473205 -0.00527317473204 [ratio=1.00000000, diff=1.02e-14, err=1.00e-10] OK
  [elapsed: 10.6 s]

  L_by_sigma: 12.000000
  Re(hcorr): +0.02620720537244 +0.02620720537245 [ratio=1.00000000, diff=9.65e-16, err=1.00e-10] OK
  Im(hcorr): -0.00527317473205 -0.00527317473214 [ratio=1.00000000, diff=8.64e-14, err=1.00e-10] OK
  [elapsed: 12.1 s]

