A: +0.187050000000 +0.698460000000 -0.030010000000 
B: +0.430630000000 -0.174980000000 -0.589040000000 
E: +1.436370000000 +0.673470000000 -1.222640000000 
k: +1.826910000000 -1.639850000000 -0.843960000000 
beta_star: 2.135860

  L_by_sigma: 4.000000
  Re(hcorr): -0.05001905620739 -0.05001706219058 [ratio=1.00003987, diff=1.99e-06, err=1.38e-10] FAIL
  Im(hcorr): -0.06675558100983 -0.06675694079495 [ratio=0.99997963, diff=1.36e-06, err=9.99e-11] FAIL
  [elapsed: 4.0 s]

  L_by_sigma: 8.000000
  Re(hcorr): -0.05001905620739 -0.05001905620739 [ratio=1.00000000, diff=8.33e-17, err=1.40e-10] OK
  Im(hcorr): -0.06675558100983 -0.06675558100986 [ratio=1.00000000, diff=2.99e-14, err=1.00e-10] OK
  [elapsed: 10.7 s]

  L_by_sigma: 12.000000
  Re(hcorr): -0.05001905620739 -0.05001905620739 [ratio=1.00000000, diff=6.80e-16, err=1.15e-10] OK
  Im(hcorr): -0.06675558100983 -0.06675558100983 [ratio=1.00000000, diff=9.30e-16, err=1.00e-10] OK
  [elapsed: 16.6 s]

