A: -1.457580000000 +1.814250000000 -0.156940000000 
B: +1.945310000000 +0.787210000000 +1.690740000000 
E: +0.250340000000 +0.578600000000 +1.226220000000 
k: +0.803320000000 -0.821320000000 -0.881510000000 
beta_star: 2.311060

  L_by_sigma: 4.000000
  Re(hcorr): +0.00378721105477 +0.00378720566095 [ratio=1.00000142, diff=5.39e-09, err=9.97e-11] FAIL
  Im(hcorr): +0.02174917434825 +0.02174916972461 [ratio=1.00000021, diff=4.62e-09, err=9.96e-11] FAIL
  [elapsed: 2.1 s]

  L_by_sigma: 8.000000
  Re(hcorr): +0.00378721105477 +0.00378721105477 [ratio=1.00000000, diff=3.01e-15, err=1.00e-10] OK
  Im(hcorr): +0.02174917434825 +0.02174917434825 [ratio=1.00000000, diff=5.90e-17, err=9.99e-11] OK
  [elapsed: 6.2 s]

  L_by_sigma: 12.000000
  Re(hcorr): +0.00378721105477 +0.00378721105477 [ratio=1.00000000, diff=1.08e-15, err=1.00e-10] OK
  Im(hcorr): +0.02174917434825 +0.02174917434825 [ratio=1.00000000, diff=6.70e-16, err=1.00e-10] OK
  [elapsed: 12.3 s]

